000000000000000100001001000000000000000000000001100000000000
000000000000001010001001100110000000000000000001100000000000
001000000000001010000000110001000000000000000000000000000000
001000000000001000000111011001000000000000000000000000000000
001000000000000000000011001010000000000000000000000000000000
000000000000000000000010000110000000000000000000000000000000
000000000000000000000101001000000000000000000000000000000000
000000000000000000011101000000000000000000000000000000000000
000000000000000000011010100000000000000000000011000000000000
000000000000000001111101000000000000000000000011000000000000
000000000000000010100110000000000000000000000000000000000000
000000001100000010111110000000000000000001100000000000000000
000000010010000001001100000000000000000010010000000000000000
000000001100000000000000000000000000000001100000000000000000
000000000000000000000000000000000000000000000000000000000000
000000000000000000000000000000000000000000000000000000000000
000000000000000011000000000000000000000000000000000000000000
000000000000000100100000000000000000000000000000000000000000
000000000000000010100000000000000000000000000000000000000000
000000000000000001000000000000000000000000000000000000000000
000000000000000000000000000000000000000000000000000000000000
000000000000000000000000000000000000000000000000000000000000
000000000000000000000000000000000000000000000000000000000000
000000000000000000000000000000000000000000000000000000000000
000000000000000000000000000000000000000000000000000000000000
000000000000000000000000000000000000000000000000000000000000
000000000000000001110000000000000000000000000000000000000000
000000000000000000000000000000000000000000000000000000000000
000000000000000000000000000000000000000000000000000000000000
000000000000000000000000000000000000000000000000000000000000
